train: 0.580697
test: 0.275225
