train: 0.850347
test: 0.360335
