train: 0.819134
test: 0.351960
