train: 0.945394
test: 0.273032
