train: 0.976705
test: 0.374796
