train: 0.963356
test: 0.348557
