train: 0.964904
test: 0.223505
