train: 0.921934
test: 0.310279
