train: 0.257215
test: 0.188294
