train: 0.889805
test: 0.311065
